% Матриці A1, А2, В1, С1 згідно варіанту
A1 = [1 2; 3 4]

A1 =

     1     2
     3     4

A2 = [2 -2; 0 -1]

A2 =

     2    -2
     0    -1

B1 = [3 -2; 1 -1]

B1 =

     3    -2
     1    -1

C1 = [1 -4; 0 -1]

C1 =

     1    -4
     0    -1

% Добутки C1 × B1, B1 × C1, A1 × B1, A1 × A2
C1B1 = C1 * B1

C1B1 =

    -1     2
    -1     1

B1C1 = B1 * C1

B1C1 =

     3   -10
     1    -3

A1B1 = A1 * B1

A1B1 =

     5    -4
    13   -10

A1A2 = A1 * A2

A1A2 =

     2    -4
     6   -10

% Обернена матриця A1
A1_inv = inv(A1)

A1_inv =

   -2.0000    1.0000
    1.5000   -0.5000

% Власні вектори та власні значення A1
[eigVecs, eigVals] = eig(A1)

eigVecs =

   -0.8246   -0.4160
    0.5658   -0.9094


eigVals =

   -0.3723         0
         0    5.3723

% Матрична експонента e^(A1*t)
syms t
A1t = A1 * t;
expA1t = expm(A1t)
 
expA1t =
 
[exp((5*t)/2 - (33^(1/2)*t)/2)/2 + exp((5*t)/2 + (33^(1/2)*t)/2)/2 + (33^(1/2)*exp((5*t)/2 - (33^(1/2)*t)/2))/22 - (33^(1/2)*exp((5*t)/2 + (33^(1/2)*t)/2))/22,                                                                 (2*33^(1/2)*exp((5*t)/2 + (33^(1/2)*t)/2))/33 - (2*33^(1/2)*exp((5*t)/2 - (33^(1/2)*t)/2))/33]
[                                                                    (33^(1/2)*exp((5*t)/2 + (33^(1/2)*t)/2))/11 - (33^(1/2)*exp((5*t)/2 - (33^(1/2)*t)/2))/11, exp((5*t)/2 - (33^(1/2)*t)/2)/2 + exp((5*t)/2 + (33^(1/2)*t)/2)/2 - (33^(1/2)*exp((5*t)/2 - (33^(1/2)*t)/2))/22 + (33^(1/2)*exp((5*t)/2 + (33^(1/2)*t)/2))/22]
 
%==========
save laba_3
diary off
